
0.7756481175007599, 4.189899806746704
0.771151813639877, 4.480753359120724
0.7773583923688856, 4.778712453871269
0.7817717901346066, 5.070047731927695
0.7860716649886371, 5.354054545342717
0.5543417899186983, 4.310608461950588
0.5603524769825212, 4.648432071844369
0.5614457727665776, 4.9284254034230335
0.5633758618070609, 5.095442789453915
0.5271496259305218, 4.050539471661433
0.5279230346270631, 4.350291285236216
0.5280470067155483, 4.547622563458743
0.5298580393678148, 4.785881472124238
0.5312563947612844, 4.985223184013746
0.35928550700241574, 3.46219696191516
0.3586815103859721, 3.5973869714557116
0.35888124626797563, 3.7811887513917397
0.36153802383062555, 3.899303344219939
0.36093140681269087, 3.98814627480248
